房子ID 房子星级 房子价值 升级费用 一级路费 二级路费 三级路费 四级路费 五级路费 房子主人
  1       1      1000     500     250     500      1000    2000     3500     0
  2       1      1200     400     250     500      1000    2000     3500     0
  3       2      1500     500     300     600      1100    2200     3800     0
  4       1      1100     600     400     700      1200    1800     3700     0
  5       1       800     700     200     400       900    1800     3600     0
  6       3      2000     500     250     500      1000    1900     3800     0
  7       1       800     800     300     600      1200    2400     3800     0
  8       2      1500     500     300     500      1000    2000     3700     0
  9       1       900     600     250     500       900    1800     3600     0  
 10       1      1100     400     200     400       800    1600     3400     0
 11       1      1200     500     250     600      1100    1900     3600     0
 12       1      1500     300     250     500       800    1800     3500     0  
 13       1      1100     500     250     500       900    1900     3600     0
 14       1       700     800     200     500      1200    2500     4000     0  
 15       3      2000     500     250     500      1000    2000     4000     0        